4.0
4.0
5.0
4.5
5.0
5.0
3.5
2.5
3.5
4.0
3.5
5.5
6.0
5.5
4.0
5.0
3.0
4.0
4.5
6.5
5.0
4.5
3.0
2.5
4.0
5.0
3.0
3.5
4.0
6.0
4.0
9.0
3.5
5.5
4.5
4.0
5.5
3.5
6.5
-2.5
2.5
5.0
5.0
11.0
4.0
5.5
6.5
4.0
5.0
3.5
4.0
3.0
3.5
5.5
4.0
5.0
3.5
0.01
6.0
3.0
12.36
5.0
4.0
6.5
3.0
4.0
3.5
3.5
4.0
5.5
4.0
8.0
4.0
7.0
3.0
4.5
3.0
4.5
4.0
4.5
2.5
3.0
4.5
2.5
4.0
4.0
12.0
4.0
3.0
4.5
4.5
3.5
4.5
4.0
3.5
4.0
4.0
4.0
2.5
4.0
2.5
4.5
3.0
2.5
3.0
5.0
4.5
5.0
4.0
5.5
4.0
3.5
3.0
3.5
3.5
4.0
4.5
4.0
3.5
4.5
5.0
8.0
4.5
3.0
52.0
3.5
3.0
5.0
3.5
4.0
11.5
7.0
4.5
3.5
6.0
3.0
4.0
4.5
4.5
2.5
3.5
3.0
4.5
4.5
2.5
3.5
4.0
6.5
4.5
3.5
5.0
5.5
5.5
3.0
11.5
5.5
6.0
5.0
2.5
5.0
4.5
3.5
5.0
3.0
3.0
4.5
2.5
3.5
4.0
7.0
52.0
4.5
4.5
4.0
3.5
3.5
3.5
6.0
5.5
3.5
2.5
3.5
2.5
5.0
4.5
4.5
4.5
5.0
3.5
4.0
3.5
3.0
4.5
7.5
4.0
4.5
4.0
6.0
5.0
2.5
0.2
4.5
8.3
5.0
52.0
3.5
3.5
18.0
5.0
3.5
8.0
4.5
4.0
3.5
4.0
52.0
4.5
3.0
7.5
4.0
3.0
5.0
12.0
4.5
7.5
4.0
5.0
4.5
6.0
2.5
2.5
4.0
4.0
3.5
4.0
6.0
52.0
3.5
5.5
5.0
4.5
6.0
4.0
5.0
5.0
5.0
3.5
5.0
4.5
-2.5
2.5
5.0
4.5
7.0
4.0
8.0
4.5
6.0
7.5
5.0
4.0
4.0
3.0
3.0
11.5
5.0
5.5
4.0
4.0
6.5
6.0
52.0
3.0
3.5
4.0
3.5
3.5
4.0
3.0
4.5
4.0
4.0
4.0
3.5
5.0
3.0
4.5
52.0
3.0
4.0
4.5
5.0
4.0
5.5
4.0
3.5
52.0
3.0
4.0
-3.0
3.0
3.0
3.5
2.5
4.5
33.0
52.0
3.5
6.0
3.5
3.5
4.5
2.5
5.0
6.0
16.5
59.0
3.5
5.5
4.5
6.0
5.0
52.0
3.5
6.0
6.0
6.0
4.0
4.0
4.0
4.5
6.5
5.5
6.0
8.0
3.5
3.5
4.5
5.5
3.5
5.0
4.0
4.5
2.5
7.5
13.3
5.0
3.0
13.0
52.0
3.5
4.5
4.5
7.0
5.0
4.0
3.0
5.5
5.0
5.5
4.0
64.5
5.5
4.5
4.0
4.0
4.0
4.5
4.5
5.0
5.5
52.0
5.5
4.5
4.5
5.0
5.0
3.5
6.5
2.5
5.0
5.0
3.0
3.5
4.5
4.5
4.5
4.5
4.5
4.5
4.5
4.5
75.0
3.0
12.0
4.5
5.5
4.5
5.0
65.0
3.5
3.0
3.5
4.5
4.0
5.0
4.0
6.0
3.5
3.5
16.0
3.0
3.0
4.0
3.0
4.5
2.5
5.0
3.5
4.0
4.5
4.5
4.0
6.5
4.5
3.5
3.0
52.0
5.0
4.5
4.5
5.0
4.5
4.0
3.5
20.5
9.0
4.0
4.5
4.5
7.0
4.0
10.0
2.5
4.0
5.0
4.5
16.0
3.0
7.0
3.5
3.0
14.0
25.5
5.5
5.5
3.0
6.0
4.5
6.0
4.5
4.5
6.5
5.0
5.5
4.0
4.0
4.0
5.5
6.0
5.0
5.5
4.0
5.5
4.5
4.5
5.5
5.0
5.0
4.5
3.0
3.0
4.5
7.0
3.5
5.0
4.5
6.5
3.0
5.0
5.0
5.5
4.0
4.0
4.0
6.5
6.5
4.0
52.0
3.5
5.0
5.5
5.0
3.0
4.0
5.5
4.0
8.0
6.0
3.0
6.5
4.5
5.0
3.5
4.5
3.5
3.5
3.0
5.0
4.0
2.5
3.5
4.0
3.5
5.5
5.0
4.5
4.0
52.0
3.0
7.0
5.0
2.5
4.0
3.5
4.0
6.0
3.5
5.0
4.0
3.0
6.5
5.0
5.0
6.0
3.0
5.5
6.0
4.5
4.5
4.5
3.5
4.0
4.5
5.5
4.5
5.0
9.5
5.0
4.5
3.5
4.5
4.0
9.5
4.5
2.5
3.0
3.5
6.5
5.0
4.0
3.5
4.5
-2.5
2.5
3.5
5.0
3.0
5.0
4.0
3.5
6.5
6.0
4.5
3.5
4.0
5.0
4.0
6.5
4.0
4.0
3.0
6.5
4.5
6.0
4.5
4.0
3.5
5.0
4.5
5.5
20.0
4.5
5.0
4.0
4.0
6.0
4.5
5.0
4.5
4.0
4.5
52.0
3.0
5.0
6.0
52.0
-3.0
3.0
5.0
4.0
3.5
4.0
4.0
4.0
6.5
4.0
3.0
5.5
59.0
6.0
4.0
4.5
4.5
4.0
4.0
3.5
4.0
4.5
5.0
4.5
3.5
5.0
3.0
4.5
6.0
3.5
5.0
4.0
5.0
3.5
5.0
4.0
3.5
4.5
5.0
3.0
4.5
6.0
3.5
3.0
4.5
5.0
5.0
5.0
5.5
5.0
7.5
4.5
7.0
3.0
3.0
4.5
4.5
3.5
52.0
-2.5
2.5
5.5
5.5
6.0
3.5
3.0
4.0
5.5
3.0
4.0
4.0
3.0
5.0
4.5
4.5
5.5
4.0
3.0
3.5
4.0
4.0
5.0
4.0
4.0
5.0
4.0
4.5
4.0
5.0
4.5
3.0
4.5
3.5
5.0
4.5
4.5
3.5
3.5
6.5
2.5
4.0
4.0
4.0
4.5
4.5
7.0
4.0
3.0
-6.5
6.5
4.5
2.5
5.5
3.5
5.5
5.5
4.0
3.0
52.0
5.0
25.5
4.5
4.5
5.0
3.0
65.0
6.0
4.0
2.5
4.0
5.5
13.0
4.0
5.5
3.5
3.5
6.0
2.5
5.0
3.5
4.5
2.5
4.5
7.5
3.0
6.0
3.5
7.5
4.0
7.5
5.0
4.5
3.5
4.0
4.5
4.5
6.5
5.0
5.0
5.0
4.0
6.0
7.0
3.5
3.5
6.0
3.0
5.0
4.5
4.0
5.0
5.0
6.5
3.5
6.5
3.0
4.0
5.5
2.5
6.0
4.0
5.0
6.0
4.0
5.0
5.0
5.0
6.5
3.5
5.0
3.5
3.5
3.5
3.0
4.0
7.0
6.5
4.5
3.0
3.0
4.0
9.0
4.5
4.0
5.5
3.0
5.0
2.5
3.5
6.0
5.0
7.0
3.5
6.0
4.5
63.0
5.5
3.5
4.5
4.0
4.0
5.0
3.5
3.5
5.0
6.5
5.0
3.5
5.0
5.0
4.5
2.5
-2.5
2.5
4.0
5.0
5.0
6.5
3.0
4.0
3.5
5.5
5.0
3.5
4.0
7.0
4.0
3.5
4.5
3.5
3.0
3.5
3.5
4.0
4.0
5.0
4.5
3.0
3.5
4.5
4.5
4.0
4.0
2.5
4.0
9.5
5.5
3.5
3.5
3.5
3.0
4.0
3.5
3.5
4.0
3.5
4.5
4.5
3.5
4.0
4.0
4.5
5.0
5.5
3.0
4.0
3.5
3.5
5.0
5.5
5.0
4.5
5.0
3.5
3.5
3.0
5.0
5.0
5.0
9.0
5.5
6.5
4.5
6.0
6.0
5.0
4.5
3.5
4.5
3.5
6.0
5.0
5.0
6.0
4.5
5.5
4.5
4.0
9.5
4.5
4.0
6.5
3.5
4.0
5.5
7.0
3.5
5.0
4.0
4.0
3.5
5.5
3.5
5.0
5.0
4.5
3.5
3.5
4.5
4.5
5.0
5.0
5.5
2.5
4.5
5.0
5.0
5.0
4.5
2.5
3.5
5.0
3.5
5.0
4.0
4.5
4.0
4.5
5.0
4.0
4.5
4.5
5.5
6.5
4.0
5.53
6.5
8.0
6.0
4.5
6.5
6.0
4.5
5.0
5.0
5.0
3.0
4.5
3.0
4.0
5.5
5.0
4.0
4.0
4.5
4.5
5.0
6.0
3.5
4.5
7.0
2.5
3.0
4.0
5.0
4.5
4.0
3.0
5.0
5.0
5.0
3.0
6.5
4.5
3.0
4.5
5.5
5.5
5.0
3.5
6.0
5.5
4.0
4.0
3.5
4.5
4.5
4.5
4.5
4.5
4.0
9.5
3.5
4.5
3.0
3.5
4.5
3.5
6.0
5.0
4.0
3.5
4.0
5.5
6.5
5.0
4.5
6.0
5.0
6.0
4.0
20.0
5.0
5.0
3.5
2.5
5.0
6.0
4.0
4.0
4.0
4.5
5.0
2.5
52.0
5.0
5.0
2.5
4.0
7.0
4.0
23.0
5.5
19.0
6.0
6.0
4.0
4.5
3.5
2.5
3.5
4.5
4.0
5.0
4.0
4.0
6.5
4.5
3.5
4.0
4.5
4.0
7.0
4.5
5.5
4.5
2.5
5.0
3.5
4.5
2.5
3.5
3.5
2.5
4.0
4.0
3.5
7.5
3.0
4.0
5.0
4.0
2.5
4.0
3.0
5.0
4.5
4.5
4.0
4.0
5.5
6.0
4.5
4.5
3.0
2.5
3.5
5.5
3.5
3.0
4.5
3.5
6.0
5.0
5.0
3.0
4.0
3.0
4.0
4.5
6.5
3.5
4.5
4.5
5.5
3.0
2.5
4.5
3.5
3.5
4.5
3.0
6.0
4.0
15.5
3.0
4.5
3.5
9.5
4.5
3.5
3.0
4.0
3.5
6.0
6.0
52.0
4.0
7.5
4.5
6.0
5.5
4.0
3.0
4.0
4.0
4.0
5.5
4.0
4.0
4.5
4.0
6.0
5.5
4.0
4.5
4.5
4.5
5.0
5.0
4.0
2.5
4.5
5.0
3.5
3.5
2.5
5.5
4.5
3.0
4.0
3.5
3.5
4.5
11.0
5.0
5.0
3.5
3.5
5.0
3.0
4.5
5.5
4.5
52.0
4.5
3.5
52.0
3.5
4.0
5.5
4.0
3.0
3.0
2.5
4.0
4.0
3.0
4.5
3.5
3.5
3.0
3.5
3.5
5.0
3.5
4.0
6.0
3.5
2.5
4.5
4.5
3.0
7.5
4.5
2.5
4.5
6.0
4.0
4.5
5.0
4.5
3.5
5.0
2.5
3.5
4.0
5.0
5.0
5.5
3.0
3.0
4.0
3.5
4.5
3.0
5.5
4.0
5.0
4.0
4.5
4.5
3.5
4.0
3.5
4.0
5.5
3.5
5.5
5.0
5.5
2.5
63.0
5.5
5.0
52.0
3.5
4.0
3.5
10.5
3.0
4.5
4.0
3.5
4.5
4.0
3.5
3.0
4.0
3.5
3.5
4.0
13.0
11.0
7.5
5.5
11.5
5.0
5.0
4.5
5.0
15.5
4.5
2.5
4.5
7.5
7.8
52.0
3.5
7.0
5.0
7.5
5.5
5.5
6.0
4.5
8.0
4.0
3.0
5.5
6.0
4.0
5.5
2.5
2.5
4.5
5.5
3.5
52.0
5.0
4.5
3.5
3.5
4.5
4.5
2.5
5.0
2.5
5.0
5.0
6.5
3.5
6.5
3.5
6.0
4.0
3.0
5.5
3.5
8.5
6.5
7.0
11.0
7.5
5.0
3.0
5.5
3.5
4.0
4.5
3.5
4.5
4.5
4.0
4.5
8.0
3.5
4.0
8.0
6.5
4.5
4.5
4.5
5.5
6.0
3.0
3.5
7.0
2.5
5.5
3.0
3.5
52.0
3.5
4.0
3.5
8.0
4.0
-52.0
52.0
4.5
4.5
4.5
6.0
3.5
3.5
4.5
5.0
52.0
4.5
3.5
5.5
3.5
3.0
5.0
5.5
5.5
4.0
7.0
4.0
3.0
6.5
3.5
3.0
4.0
5.0
5.0
3.0
4.0
-6.0
6.0
4.5
2.5
4.5
4.5
4.5
5.0
5.5
4.0
4.5
4.0
7.5
3.5
5.5
4.5
3.5
3.0
4.5
3.5
4.5
4.5
5.5
3.5
4.0
3.5
4.5
2.5
4.5
5.5
5.5
4.5
4.0
5.0
4.5
5.0
5.0
4.0
3.5
4.0
3.0
6.5
4.0
5.0
3.5
4.5
2.5
5.5
5.5
3.5
6.0
3.5
5.5
4.5
5.5
4.0
20.0
0.0
0.0
4.5
4.0
5.5
4.0
3.5
3.5
4.5
6.0
4.5
4.0
12.5
5.5
4.0
5.0
6.0
5.5
5.5
4.5
4.5
3.0
4.5
4.0
4.0
4.0
6.0
4.5
3.5
5.5
52.0
3.5
3.5
4.0
5.0
4.5
3.0
52.0
3.5
4.0
4.5
59.0
4.0
4.0
3.5
5.5
52.0
4.0
52.0
5.5
4.0
3.5
4.5
5.5
6.0
4.0
4.0
7.0
8.0
2.5
4.5
3.0
3.5
5.5
5.5
5.0
2.5
4.5
3.0
3.0
6.5
4.0
5.0
4.5
3.0
3.0
6.0
4.5
4.5
4.0
4.5
3.5
5.5
3.0
3.0
4.0
4.0
8.0
5.5
6.0
4.5
3.0
5.5
4.5
5.5
7.0
6.5
4.5
4.0
3.5
3.5
7.5
4.0
3.0
10.0
5.0
3.5
5.0
5.0
9.0
5.0
3.5
5.0
5.5
9.0
3.5
6.0
5.0
3.0
5.0
11.0
7.5
4.0
6.0
3.5
5.5
3.0
5.0
3.5
5.5
4.5
7.5
5.0
4.5
5.5
5.5
5.0
4.0
6.5
4.5
4.5
-3.0
3.0
2.5
6.5
4.0
5.0
19.5
14.0
4.5
5.5
4.0
3.0
4.5
3.5
4.0
4.5
5.5
3.5
5.5
5.5
3.5
4.5
3.0
4.0
-2.5
2.5
21.0
3.5
4.5
4.0
5.0
7.0
5.5
5.0
4.5
4.5
5.0
2.5
5.0
4.5
5.0
6.5
3.5
3.5
4.0
6.0
5.0
4.0
3.5
7.0
20.0
4.5
4.5
5.5
4.5
5.0
4.0
7.0
3.5
5.0
6.5
5.0
4.0
4.0
6.5
5.0
4.5
4.0
4.0
3.5
4.0
4.5
2.5
4.5
3.5
4.5
52.0
4.0
4.5
3.5
3.5
4.5
4.0
4.5
5.5
4.0
3.0
4.5
3.5
3.5
3.5
4.5
7.0
4.5
3.0
4.5
4.5
4.5
5.0
3.0
2.5
4.0
4.5
3.0
7.0
4.5
10.5
4.0
4.0
4.5
52.0
9.5
4.0
5.0
3.5
4.0
3.5
4.0
3.5
6.0
6.0
4.0
5.0
4.5
5.0
2.5
4.5
4.5
5.5
6.0
3.5
4.0
5.5
3.5
3.5
5.5
-3.5
3.5
9.5
5.0
4.5
5.0
4.5
4.0
3.5
5.5
4.5
4.0
4.5
3.0
29.5
5.5
8.5
4.0
2.5
4.0
5.5
5.5
4.5
4.5
4.0
4.0
4.5
3.5
4.0
4.5
4.5
4.5
5.0
3.5
5.5
4.5
4.5
7.0
5.5
6.0
4.0
5.0
4.0
4.5
4.0
64.21
4.0
5.5
4.5
5.5
4.5
5.0
7.5
3.5
5.0
3.0
4.0
3.5
4.0
4.5
4.0
5.0
6.5
4.5
4.5
3.5
3.0
2.5
3.0
4.5
5.5
5.5
4.0
5.0
5.0
4.0
5.5
4.0
3.0
5.0
4.5
4.5
2.5
4.5
5.0
4.5
5.5
2.5
6.5
8.5
5.5
4.0
4.0
5.0
7.0
5.5
6.0
3.5
4.5
3.5
4.5
4.5
52.0
7.0
4.0
3.5
3.5
2.5
4.5
2.5
6.5
9.0
5.5
5.5
4.0
3.5
4.0
4.0
6.0
3.5
4.0
3.5
11.0
4.5
4.0
4.0
5.0
4.5
9.0
6.0
7.5
4.5
6.0
4.5
5.0
4.0
4.5
3.5
4.5
4.0
4.0
4.0
5.5
3.5
4.5
4.0
4.5
4.0
5.0
3.5
13.8
6.0
3.5
4.0
6.0
8.0
4.0
4.5
4.0
6.5
4.0
3.5
5.5
4.5
3.5
4.5
5.5
4.5
5.5
4.5
13.0
63.0
5.5
6.0
5.0
4.0
4.0
4.0
4.0
6.5
6.0
5.5
5.0
3.0
4.5
5.5
3.5
5.0
4.0
4.0
4.0
2.5
4.0
16.5
3.5
3.5
52.0
52.0
3.0
4.5
3.5
5.0
5.0
3.5
3.5
3.5
3.5
4.5
3.5
52.0
4.5
52.0
3.0
4.0
3.0
4.0
5.5
5.5
5.5
3.5
5.0
4.0
4.0
4.0
4.5
5.0
4.0
5.5
4.5
3.5
6.5
3.0
16.0
10.5
5.5
4.0
5.0
4.0
4.5
19.5
5.5
4.0
3.5
6.0
6.0
4.0
3.0
5.0
4.5
4.0
5.5
3.0
4.0
4.0
3.5
5.0
8.0
3.5
3.5
5.5
5.0
3.5
7.0
6.5
4.5
4.5
5.5
4.0
4.0
6.5
21.5
3.5
3.5
3.0
5.0
5.0
4.0
5.5
3.5
4.5
2.5
4.0
6.0
29.0
5.5
4.5
4.0
6.0
5.5
5.0
85.0
3.5
4.0
5.0
5.0
6.0
4.5
3.0
4.0
7.0
4.0
3.5
3.5
3.5
2.5
5.5
5.5
3.5
8.5
4.0
3.5
5.0
3.5
3.5
4.5
11.0
7.5
4.0
6.5
5.0
7.5
3.5
5.5
5.5
4.0
5.0
3.0
3.0
5.5
5.5
4.5
3.5
4.5
4.0
4.0
5.5
4.5
5.5
8.0
2.5
4.0
3.5
5.5
6.5
3.5
3.0
6.0
3.5
3.5
4.5
4.0
4.0
7.5
4.0
5.0
-3.0
3.0
6.0
4.5
5.5
5.0
3.0
4.5
3.0
7.0
5.0
3.5
4.0
5.5
5.0
3.5
6.0
4.5
4.0
3.0
4.0
4.0
4.0
2.5
6.0
4.5
8.5
6.0
5.0
5.0
4.5
5.5
5.0
6.0
4.5
3.0
7.0
4.5
4.5
4.5
-2.5
2.5
4.5
3.0
5.0
4.5
3.5
7.0
8.5
2.5
5.5
2.5
4.5
4.0
5.0
3.5
4.0
6.5
6.5
6.5
3.5
5.0
6.0
5.5
4.0
4.5
3.5
4.5
3.5
4.5
6.0
4.0
4.5
3.5
2.5
3.5
3.5
5.0
4.5
5.0
5.0
4.5
4.5
4.5
3.5
4.0
5.0
7.5
5.0
6.5
3.5
3.5
4.0
4.0
8.5
3.5
9.3
4.5
5.0
5.5
3.5
7.5
11.5
5.0
7.0
6.0
5.0
3.5
4.5
3.5
5.5
7.0
3.0
4.0
3.5
5.0
19.5
4.5
3.0
4.0
4.5
3.5
4.5
6.0
6.0
5.5
4.5
4.0
4.0
3.5
4.0
-6.5
6.5
3.0
3.0
3.5
3.5
-3.5
3.5
3.5
4.0
3.5
3.0
4.5
4.0
5.0
4.5
5.0
4.5
4.0
52.0
4.0
15.0
4.0
4.5
5.0
3.5
5.5
4.0
4.0
4.5
4.0
4.0
3.5
5.0
4.5
4.5
6.0
4.0
5.5
3.5
4.5
4.5
3.5
3.0
6.0
0.01
6.0
9.0
6.0
6.5
4.0
8.0
4.0
4.5
6.0
6.0
4.5
4.0
4.0
5.5
5.0
3.5
4.0
6.5
5.0
3.0
5.0
4.5
6.0
6.0
6.0
5.0
62.0
4.5
6.5
52.0
5.0
4.5
5.5
7.0
4.5
5.0
4.0
4.0
8.5
4.0
5.5
4.5
4.5
2.5
5.0
7.0
4.5
4.0
3.5
5.5
4.5
5.0
4.5
4.0
4.5
4.5
3.5
4.0
3.0
4.5
5.5
5.0
52.0
4.0
5.0
3.5
2.5
4.5
5.0
3.5
3.5
3.5
7.0
5.0
3.5
5.5
4.0
4.0
3.0
7.5
5.0
4.5
5.0
19.5
5.0
4.0
3.5
4.5
5.0
3.0
5.5
5.5
5.5
4.5
3.0
3.0
3.5
4.5
7.5
6.0
4.0
3.5
5.0
3.0
4.0
4.5
11.5
7.0
3.0
3.5
27.0
5.0
2.5
4.0
4.5
5.0
3.5
3.5
4.0
5.0
5.5
4.0
4.0
5.5
4.5
6.0
7.0
3.5
4.5
4.0
4.5
3.5
6.0
5.0
3.5
5.0
5.5
3.5
4.0
4.5
5.0
6.0
5.5
4.0
5.0
6.0
5.5
3.5
6.5
4.5
4.0
9.5
5.5
4.5
4.5
3.0
4.0
4.0
3.5
52.0
5.5
3.5
5.0
4.0
3.0
4.0
4.0
5.5
3.0
4.5
3.5
5.0
4.0
5.5
5.0
3.5
13.0
3.5
6.0
52.0
7.5
4.0
3.0
5.0
5.0
5.5
6.0
4.5
5.5
4.5
8.5
4.0
5.5
4.0
6.0
3.5
3.5
5.5
4.5
3.5
6.5
10.0
4.5
6.5
5.0
5.5
4.5
3.5
4.5
7.5
6.5
4.0
7.0
6.5
2.5
4.0
4.0
6.0
6.0
4.0
5.0
3.0
6.0
5.5
3.5
3.5
4.0
63.0
4.5
4.5
0.01
5.0
6.5
5.0
3.5
3.5
3.0
4.5
6.0
3.5
5.0
4.0
6.5
7.0
5.0
5.5
4.5
6.5
4.0
3.5
4.0
5.5
2.5
5.0
5.5
5.5
5.0
5.0
3.0
31.0
5.0
5.5
6.5
4.5
28.0
3.0
5.0
9.0
5.0
4.0
6.5
6.0
5.0
4.0
4.5
3.0
3.5
4.0
4.0
7.5
3.5
5.5
5.5
2.5
4.0
8.0
5.5
5.5
6.0
4.5
4.0
5.5
3.5
5.0
4.5
16.5
5.0
4.5
7.0
3.0
4.0
3.0
8.0
3.5
3.0
5.0
3.5
6.5
22.5
4.0
3.5
4.0
5.5
5.0
4.5
5.5
5.0
4.0
2.5
52.0
4.5
2.5
9.0
4.5
52.0
4.5
5.0
4.5
5.0
5.0
4.5
4.5
4.5
5.0
4.5
3.5
52.0
3.5
4.0
19.5
3.0
3.5
8.5
5.5
5.0
5.0
5.0
3.0
6.0
8.0
4.5
5.0
3.5
4.5
4.0
6.5
4.5
4.0
3.0
5.0
5.0
4.5
3.0
5.5
3.5
8.5
2.5
3.5
3.5
3.0
4.5
4.5
7.5
3.0
4.0
6.5
5.0
5.5
5.5
4.0
5.5
5.0
4.5
3.5
4.5
4.5
3.5
6.5
4.0
7.5
52.0
3.5
4.0
4.5
3.5
5.0
3.5
4.0
4.5
5.0
5.0
5.0
3.5
6.5
7.0
3.5
3.5
3.5
3.0
4.0
4.5
3.5
4.5
5.5
4.0
3.5
4.0
5.0
2.5
4.0
5.0
5.0
5.5
3.5
4.0
3.5
4.5
4.5
3.5
6.0
3.5
4.0
5.0
5.0
5.0
12.0
5.5
4.0
6.5
3.0
6.0
5.0
5.0
2.5
4.0
6.5
6.5
3.0
4.0
5.0
4.5
3.0
7.0
6.0
4.0
3.5
4.5
3.5
6.0
5.5
3.5
5.0
7.0
3.5
4.0
4.5
14.0
7.0
4.0
4.5
3.0
4.0
5.5
6.0
3.5
3.5
3.0
3.0
3.0
4.5
3.0
5.0
3.0
4.0
5.5
4.5
4.0
6.5
3.0
3.0
3.5
7.5
4.5
52.0
4.5
4.5
5.0
3.5
4.5
4.0
6.0
3.5
4.5
5.5
4.5
3.5
5.5
3.5
52.0
5.5
5.0
5.0
5.0
3.5
3.5
4.5
3.0
4.5
5.0
3.5
5.5
5.5
3.0
5.5
5.0
6.0
4.5
3.5
74.5
7.0
3.5
4.5
4.5
5.0
5.5
5.0
5.0
8.0
4.0
5.0
2.5
3.5
4.5
5.5
5.0
9.5
3.5
9.0
5.0
5.5
5.0
4.0
3.5
4.0
6.5
5.5
8.0
3.0
5.0
4.0
3.5
3.5
4.5
6.0
4.5
5.5
3.5
4.5
4.0
3.5
4.5
84.5
8.0
4.5
5.5
5.0
4.0
4.5
5.0
5.5
4.5
4.5
6.0
4.5
6.0
5.0
2.5
4.0
5.0
4.0
4.0
5.5
5.0
5.0
3.5
6.0
4.0
6.5
5.0
4.5
4.5
5.0
5.0
2.5
4.5
6.5
6.0
6.5
4.5
5.0
4.0
16.5
-3.0
3.0
6.0
4.0
6.5
5.5
4.0
5.0
7.0
2.5
3.5
5.5
3.5
9.0
4.0
4.5
2.5
4.0
4.0
6.0
5.0
4.5
5.5
5.5
9.0
5.0
4.5
4.5
11.5
3.5
3.5
3.5
3.0
4.0
6.0
4.5
4.5
4.5
5.0
4.5
5.5
8.5
2.5
29.5
5.0
7.0
2.5
350.0
5.0
4.0
52.0
3.0
4.0
5.0
3.5
5.0
52.0
13.0
12.5
8.0
24.5
15.5
4.5
3.5
4.0
2.5
8.0
5.5
3.0
7.0
5.5
4.0
5.0
5.5
5.0
5.0
4.5
5.0
4.5
5.5
7.0
5.0
9.0
14.5
5.5
3.5
3.0
6.0
5.5
4.5
4.0
-3.0
3.0
4.0
5.5
3.5
4.0
3.5
15.0
4.0
3.0
6.0
5.0
5.0
3.0
60.0
8.0
10.0
5.0
4.5
4.0
4.5
3.5
4.0
6.5
3.5
5.5
4.0
3.5
12.5
2.5
4.0
6.5
8.5
5.5
20.0
5.0
4.0
4.5
8.5
3.0
5.0
4.5
3.5
5.0
4.0
5.5
9.5
7.0
15.5
4.5
3.5
3.5
3.5
2.5
5.0
10.0
4.0
10.8
4.5
0.01
5.0
52.0
4.5
3.5
3.5
4.0
7.0
4.0
6.5
4.0
5.5
4.0
3.5
2.5
3.0
4.0
3.0
3.5
4.5
4.0
5.0
3.0
6.5
4.0
5.0
6.5
5.0
3.5
3.5
5.0
4.5
4.0
5.0
3.5
4.0
5.0
3.5
5.0
3.5
4.5
2.5
6.0
4.5
3.5
3.5
3.5
3.0
7.0
4.0
4.5
3.5
5.0
4.5
4.0
3.5
4.5
5.5
5.0
4.5
3.0
4.0
4.5
-52.0
52.0
3.0
96.5
4.0
5.0
5.0
4.5
4.5
4.5
5.0
5.0
5.0
4.0
3.0
3.5
5.0
3.0
3.5
4.0
4.5
3.0
3.5
4.0
52.0
4.5
5.5
4.0
4.5
4.5
4.5
3.5
4.5
5.5
4.5
4.0
3.5
4.0
3.5
7.5
6.0
6.0
13.5
5.5
4.0
5.0
6.0
52.0
3.0
5.0
4.0
4.5
4.5
4.0
4.0
2.5
4.0
4.5
5.0
5.0
3.5
3.5
3.0
5.5
3.0
4.5
4.5
52.0
6.5
6.5
3.0
5.0
5.0
6.5
3.0
3.0
3.5
8.5
2.5
3.5
5.76
3.0
4.5
5.5
5.0
4.5
4.5
11.0
5.5
5.0
4.0
5.5
4.5
6.0
7.0
52.0
4.0
5.0
4.5
6.0
3.0
5.0
5.5
5.0
4.0
2.5
2.5
5.0
9.5
4.0
2.5
4.5
3.5
3.0
5.0
4.0
4.0
5.5
5.0
4.0
5.5
2.5
4.0
5.0
4.5
5.0
4.0
4.5
4.0
4.5
52.0
3.5
5.0
4.5
2.5
4.0
4.0
3.0
3.0
79.0
3.5
7.0
3.5
2.5
16.5
4.5
3.5
3.5
3.5
6.0
6.0
5.5
5.0
6.5
4.0
5.0
3.0
4.5
3.5
5.0
4.0
4.0
4.5
3.5
5.0
4.0
3.5
5.0
5.5
3.5
10.0
10.5
4.0
5.0
3.5
4.5
4.5
13.5
8.0
10.5
6.5
4.0
5.0
4.0
5.0
4.0
2.5
52.0
3.5
3.5
5.0
7.5
4.0
4.5
7.5
7.0
5.0
5.5
5.0
4.0
5.0
11.5
5.0
7.0
8.5
6.0
5.0
12.0
6.5
6.0
52.0
3.0
4.0
6.5
5.0
5.0
5.0
3.0
4.0
3.5
4.5
5.5
4.5
4.0
4.0
3.5
3.5
46.0
3.5
3.5
6.5
2.5
5.5
4.5
3.5
3.5
3.5
3.5
5.0
4.5
4.5
4.5
4.5
4.5
3.5
4.5
5.0
5.0
4.0
4.0
4.0
2.5
4.5
3.0
3.0
4.0
10.0
4.0
4.0
4.5
3.0
4.0
4.0
3.5
4.0
4.5
3.5
11.0
10.0
3.0
9.0
3.0
5.0
4.0
4.0
8.5
4.0
4.0
4.0
4.0
6.0
3.5
4.5
3.0
52.0
3.0
4.5
3.5
5.0
4.0
6.5
25.0
63.0
3.5
4.0
5.5
4.5
52.0
9.0
5.5
3.5
6.0
2.5
4.0
6.5
5.0
5.0
4.5
5.0
4.0
3.5
5.5
3.0
4.5
7.0
4.5
6.5
4.0
5.0
4.5
4.5
4.5
2.5
4.5
6.5
5.0
3.0
3.5
6.0
6.0
3.0
5.0
2.5
6.0
3.0
4.0
5.5
3.0
5.5
7.0
4.5
5.0
5.0
4.5
4.0
4.5
4.0
3.5
3.5
4.0
5.5
4.0
5.0
4.5
4.0
3.0
3.5
5.0
3.0
3.0
3.5
4.0
4.0
-3.5
3.5
3.5
4.0
3.5
3.0
3.5
3.5
5.5
4.0
5.0
3.5
5.0
4.5
4.5
4.5
4.0
10.0
12.0
4.0
4.5
4.0
5.0
3.5
4.5
4.0
4.0
2.5
4.5
4.0
7.5
5.5
6.5
4.0
4.5
12.5
5.0
6.5
6.0
5.0
5.5
3.5
5.0
7.0
6.5
5.0
5.0
5.0
7.5
5.0
5.0
6.5
5.0
5.0
4.5
7.0
4.0
5.0
5.0
5.0
4.5
2.5
8.0
4.5
5.5
5.0
4.0
5.0
4.5
4.0
3.0
4.0
6.0
6.0
2.5
4.0
3.0
4.0
5.0
4.0
6.0
3.5
5.0
3.5
5.0
7.0
6.5
5.5
5.0
6.0
4.0
3.0
5.0
4.5
4.0
3.0
5.0
5.0
-52.0
52.0
6.0
5.0
3.5
4.0
3.5
4.5
4.5
6.5
4.5
3.5
4.0
6.5
2.5
5.0
6.0
4.0
5.0
4.0
4.0
6.5
4.0
5.0
5.0
52.0
4.0
5.0
4.5
2.5
4.0
4.0
5.0
4.0
6.0
4.5
4.0
7.0
4.0
3.5
3.0
5.5
4.0
4.0
3.5
4.5
4.0
52.0
3.5
5.5
3.0
5.0
3.5
11.5
3.5
3.5
6.5
2.5
5.0
5.0
5.5
3.0
4.0
3.5
4.5
4.0
5.0
3.5
5.0
4.0
4.0
3.5
4.5
3.0
4.5
3.5
4.5
4.5
2.5
6.0
3.0
4.5
4.0
6.5
4.0
6.0
5.0
4.5
4.0
3.5
4.0
3.5
3.5
-52.0
52.0
5.0
4.0
5.0
6.0
4.5
6.0
5.0
6.0
4.0
3.5
4.0
3.5
4.0
5.0
4.5
6.5
31.0
5.5
14.0
4.5
6.0
3.5
4.5
4.5
-4.0
4.0
2.5
5.0
8.0
5.0
4.5
3.0
3.0
2.5
3.5
3.5
3.5
4.0
5.0
5.0
4.0
52.0
3.0
4.0
5.0
3.5
5.0
59.0
4.0
5.5
4.0
8.5
5.0
5.0
8.0
19.5
8.5
6.0
7.0
7.5
3.5
6.0
5.0
4.0
8.0
4.5
4.5
3.5
4.5
3.5
8.0
4.0
3.5
4.5
3.0
0.01
11.5
4.0
8.0
4.0
3.5
5.5
2.5
5.0
6.5
4.5
5.5
4.0
4.0
3.0
5.0
7.5
52.0
7.0
4.0
6.5
7.0
7.0
6.5
52.0
6.5
3.5
4.5
6.0
2.5
5.5
6.0
6.0
4.0
4.0
5.0
6.0
3.5
8.5
6.5
4.0
7.0
6.5
2.5
4.0
6.0
3.0
6.5
14.5
5.0
3.5
6.5
10.0
4.0
5.5
13.5
5.5
7.0
5.0
4.5
3.5
3.5
6.5
9.0
8.5
5.0
